time has : 
0,9309,2080,0.223439682028
1,4551,986,0.21665568007
2,1021,183,0.179236043095
3,307,129,0.420195439739
4,517,98,0.189555125725
5,41082,4224,0.102818752738
6,469295,54378,0.11587167986
7,483289,72099,0.149184028604
8,492799,89001,0.180603045055
9,454353,96999,0.2134881909
10,447100,107084,0.239507940058
11,455923,116043,0.254523241863
12,445790,121866,0.273370869692
13,442020,131664,0.297868874712
14,447398,142626,0.31878998118
15,433639,148773,0.343080304124
16,437201,156991,0.359081978312
17,481450,183058,0.380222245301
18,428325,163578,0.381901593416
19,397629,156283,0.39303722817
20,280514,110972,0.395602358528
21,220735,81007,0.366987564274
22,87169,26665,0.305900033269
23,42386,12654,0.298541971406
distance has : 
0,1588519,420497,0.264710085306
1,2103381,592836,0.281849080124
2,1322133,391692,0.296257638226
3,1989769,574416,0.288684766925
carrier has :  20
WN,1088617,298260,0.27398065619
AA,631769,174341,0.275956876643
OO,534625,142411,0.266375496844
MQ,528801,162213,0.306756227768
US,498314,137755,0.276442162974
DL,497279,132231,0.265909077198
UA,488682,140026,0.286538075886
XE,429798,120461,0.280273523841
NW,427167,112925,0.264357967727
CO,306682,92785,0.302544655376
YV,294574,83642,0.283942235228
OH,270595,75910,0.280529943273
EV,265839,102622,0.386030642607
FL,235211,70810,0.301048845505
AS,156483,47969,0.30654448087
B6,154265,47810,0.309921239426
F9,89196,22898,0.256715547782
HA,51913,3892,0.0749715870784
AQ,34627,4301,0.124209431946
TZ,19365,6179,0.319080815905
us has airports:  289
ATL,797175,271908,0.341089472199
ORD,718983,251130,0.349285031774
DFW,589498,160880,0.272910171027
LAX,460773,123106,0.26717277271
DEN,455104,121900,0.267850864857
IAH,441075,118881,0.269525590886
PHX,424818,109910,0.258722558837
LAS,365758,111374,0.304501883759
EWR,306238,115965,0.378676062409
SLC,281612,61609,0.21877263753
SFO,258391,81860,0.316806699924
BOS,254900,74721,0.293138485681
DTW,252298,75392,0.298821235206
MSP,249849,64001,0.256158719867
CVG,248698,51580,0.207400139929
LGA,244693,83925,0.342980796345
MCO,235862,60066,0.254665863937
CLT,231131,68216,0.295139985549
JFK,216178,76301,0.35295450971
SEA,212696,65275,0.306893406552
BWI,212639,56201,0.264302409248
PHL,212270,73450,0.346021576294
MDW,198899,59570,0.299498740567
IAD,186903,53476,0.286116327721
DCA,183903,45648,0.248217810476
SAN,183103,45980,0.251115492373
CLE,170235,39763,0.233577113989
TPA,150730,37856,0.251151064818
OAK,147452,40378,0.273838266012
FLL,133815,35626,0.266233232448
MIA,130478,37206,0.285151519796
STL,126503,32430,0.256357556738
HNL,120961,14078,0.116384619836
SJC,120712,29526,0.244598714295
BNA,119388,33057,0.276887124334
PDX,114510,28336,0.247454370797
RDU,113446,34218,0.301623679989
MCI,110626,30127,0.272332001519
HOU,108259,30518,0.28189804081
SMF,106550,28517,0.267639605819
SNA,101798,23939,0.235161790998
DAL,97294,22436,0.230600037001
PIT,93158,26161,0.28082397647
MEM,92826,24585,0.264850365199
AUS,88281,23216,0.262978443833
SAT,84719,21201,0.250250829212
IND,74320,18999,0.255637782562
ABQ,73611,18882,0.256510575865
ONT,71741,18796,0.261998020658
CMH,70216,21502,0.306226501082
BDL,64604,17250,0.267011330568
BUR,63089,16256,0.257667739226
JAX,62478,16480,0.263772848043
MSY,59167,15541,0.262663308939
PBI,56110,15516,0.276528248084
BUF,53715,17140,0.319091501443
RNO,52723,14497,0.274965385126
RSW,52381,14136,0.269868845574
PVD,52261,13394,0.256290541704
SJU,49765,12922,0.259660403898
TUS,49577,12476,0.251648950118
OGG,47251,5849,0.123785739984
MKE,45857,12972,0.282879385917
OMA,45470,12902,0.283747525841
ELP,44481,10349,0.232661136215
OKC,43248,12308,0.284591194969
TUL,42612,12215,0.286656340937
MHT,41909,12094,0.288577632489
ORF,39510,12342,0.312376613516
ANC,39014,12707,0.325703593582
SDF,37824,11434,0.302294839255
BHM,37682,10786,0.286237460857
RIC,37473,12622,0.336829183679
ROC,34434,11406,0.331242376721
BOI,33954,7884,0.232196501149
LIT,33254,9876,0.296986828652
COS,33220,8445,0.254214328718
GRR,31864,8328,0.261360783329
FAT,29299,7737,0.26407044609
ALB,29048,8450,0.290897824291
SBA,28734,6529,0.227222106216
GEG,27957,6874,0.245877597739
LIH,27690,2361,0.0852654387866
GSO,27187,8593,0.316070180601
DAY,26464,7503,0.283517230955
KOA,26229,2939,0.112051545999
DSM,26181,7848,0.29975936748
PSP,26007,6940,0.266851232361
SAV,25850,8697,0.336441005803
LGB,25484,5301,0.208012870821
MSN,25116,7197,0.286550406116
ICT,24677,7254,0.29395793654
SYR,24284,7218,0.297232745841
CHS,23749,7203,0.303296980926
ISP,23375,5225,0.223529411765
BTR,22341,7092,0.317443265745
XNA,22208,6758,0.304304755043
JAN,22127,6643,0.300221448909
CAE,22081,7561,0.342421086002
GSP,21687,6386,0.294462120164
PNS,20011,6126,0.306131627605
TYS,19450,5441,0.279742930591
CAK,18718,5110,0.272999252057
LBB,18355,4805,0.261781530918
LEX,18289,4980,0.272294822024
CRP,18009,4848,0.269198733966
SGF,18007,5525,0.306825123563
CID,16922,5002,0.295591537643
MAF,16868,4453,0.263990988855
AMA,16588,4296,0.258982396913
MRY,15949,4281,0.268418082638
MDT,15343,4529,0.29518347129
HSV,14884,4023,0.270290244558
SRQ,14848,3715,0.250202047414
GRB,14755,3969,0.268993561505
PWM,14665,5400,0.36822366178
ITO,14444,1174,0.0812794239823
SHV,14130,4216,0.298372257608
MYR,13956,3912,0.280309544282
FNT,13857,4108,0.296456664502
GPT,13619,4193,0.307878698877
SBP,13572,3427,0.252505157678
BTV,13366,4592,0.343558282209
HPN,13306,4390,0.329926349015
VPS,12633,4002,0.316789361197
EUG,12422,2986,0.240379971019
MLI,12258,4089,0.333578071464
MFR,12206,4025,0.329755857775
FSD,12077,3185,0.263724434876
PHF,11900,3816,0.320672268908
HRL,11516,2588,0.224730809309
BFL,11247,2786,0.247710500578
MOB,10901,3266,0.299605540776
LFT,10442,2981,0.285481708485
ABE,10005,2642,0.264067966017
GRK,10003,2659,0.265820253924
FWA,9701,2917,0.300690650448
RAP,9664,2113,0.218646523179
FAI,9639,2625,0.272331154684
MFE,9600,2621,0.273020833333
FAR,9529,2234,0.234442228985
LAN,9450,2439,0.258095238095
BZN,9437,2303,0.244039419307
BIL,9259,1900,0.205205745761
GJT,9247,1928,0.208500054072
CHA,9148,2303,0.251749016178
AZO,9146,2066,0.225891099934
PIA,8872,2810,0.316726780884
BMI,8692,3139,0.361136677405
JNU,8612,2479,0.28785415699
BGR,8387,2821,0.336353881006
ATW,8140,2510,0.308353808354
ROA,8063,2632,0.326429368721
CRW,8027,2192,0.273078360533
MSO,8024,1665,0.207502492522
DRO,8020,1714,0.213715710723
EVV,7644,2265,0.296310832025
RDM,7365,1792,0.243312966735
TVC,7352,2250,0.306039173014
JAC,7281,2022,0.277709105892
ACV,7037,2564,0.36435981242
TOL,7032,1727,0.245591581342
DAB,7030,2372,0.337411095306
SGU,6872,1151,0.167491268917
ASE,6855,2163,0.315536105033
GTF,6833,1084,0.15864188497
ILM,6714,2167,0.322758415252
YUM,6517,2154,0.330520177996
MGM,6384,2119,0.331923558897
CPR,6339,1214,0.191512856917
CMI,6314,1910,0.302502375673
TLH,6269,1853,0.295581432445
AVL,5993,2009,0.3352244285
MBS,5910,1607,0.271912013536
SUN,5885,778,0.132200509771
STT,5853,1265,0.216128481121
EGE,5839,1622,0.277787292345
LNK,5629,1771,0.314620714159
ABI,5562,1284,0.230852211435
CLD,5523,1599,0.289516567083
IDA,5442,882,0.162072767365
AEX,5417,1619,0.298873915451
LRD,5401,1247,0.230883169783
MTJ,5309,1146,0.215859860614
FCA,5185,1093,0.210800385728
PFN,5021,2063,0.410874327823
AVP,5009,1609,0.321221800759
RST,4877,1435,0.294238261226
HDN,4864,1294,0.266036184211
ACT,4756,735,0.154541631623
KTN,4662,1372,0.294294294294
BIS,4637,993,0.214147077852
SPS,4620,763,0.165151515152
PSC,4592,835,0.181837979094
BRO,4532,1152,0.254192409532
MLU,4467,1546,0.346093575106
MOD,4451,1971,0.442821837789
AGS,4427,1607,0.362999774113
MLB,4389,1423,0.324219640009
LAW,4196,767,0.18279313632
TWF,4179,641,0.153385977507
RDD,3955,1536,0.388369152971
CHO,3914,839,0.214358712315
GNV,3805,1588,0.417345597898
PIH,3606,302,0.083749306711
SJT,3490,860,0.246418338109
FSM,3486,984,0.282271944923
SMX,3437,866,0.251963922025
CLL,3415,630,0.184480234261
EKO,3399,352,0.10355987055
TYR,3367,531,0.157707157707
FLG,3297,626,0.189869578405
DHN,3276,1267,0.386752136752
SPI,3264,871,0.266850490196
LSE,3252,885,0.272140221402
HLN,3245,515,0.158705701079
FAY,3146,1497,0.475842339479
OXR,3113,691,0.221972373916
TRI,2801,837,0.29882184934
LCH,2695,673,0.249721706865
DBQ,2691,824,0.306205871423
ABY,2630,864,0.328517110266
SBN,2624,790,0.301067073171
COD,2621,406,0.15490270889
BQN,2607,601,0.2305331799
SIT,2574,663,0.257575757576
CSG,2526,782,0.309580364212
CIC,2464,1012,0.410714285714
GUC,2396,564,0.235392320534
CWA,2326,727,0.312553740327
IPL,2323,977,0.420576840293
VLD,2205,774,0.351020408163
BET,2193,628,0.286365709074
MOT,2162,396,0.18316373728
SWF,2153,771,0.35810496981
TXK,2130,510,0.239436619718
GGG,2128,424,0.199248120301
MCN,2095,749,0.357517899761
EYW,2063,874,0.423654871546
OME,2060,622,0.301941747573
OTZ,2040,693,0.339705882353
LYH,2019,631,0.312530955919
SCE,1991,272,0.136614766449
DLH,1978,394,0.199191102123
BQK,1961,681,0.347271800102
IYK,1925,388,0.201558441558
CEC,1917,708,0.369327073552
MEI,1877,690,0.367607884923
MQT,1854,608,0.327939590076
ERI,1762,270,0.153234960272
GTR,1681,583,0.346817370613
GFK,1607,334,0.207840696951
BTM,1550,209,0.134838709677
APF,1507,442,0.293297942933
ACY,1489,349,0.23438549362
LWS,1449,252,0.173913043478
FLO,1429,472,0.330300909727
CDV,1419,319,0.22480620155
TUP,1409,370,0.262597586941
YAK,1391,314,0.225736879942
WRG,1391,412,0.296189791517
PSG,1391,481,0.345794392523
ISO,1380,529,0.383333333333
BGM,1321,279,0.211203633611
BRW,1298,356,0.274268104777
HTS,1259,131,0.104050833995
PSE,1193,321,0.269069572506
RFD,1128,279,0.247340425532
ADQ,1116,279,0.25
SCC,1065,303,0.284507042254
STX,846,215,0.254137115839
BLI,789,124,0.157160963245
BPT,709,142,0.200282087447
CDC,702,102,0.145299145299
AKN,674,299,0.443620178042
ILG,633,284,0.448657187994
WYS,522,87,0.166666666667
TEX,479,114,0.237995824635
DLG,424,163,0.384433962264
ACK,410,216,0.526829268293
LWB,387,145,0.374677002584
SOP,245,95,0.387755102041
ADK,175,96,0.548571428571
GST,162,62,0.382716049383
OAJ,117,36,0.307692307692
TTN,98,29,0.295918367347
HKY,73,16,0.219178082192
HVN,6,0,0.0
CKB,1,0,0.0
