time has : 
0,9789,2326,0.237613647972
1,3529,881,0.249645792009
2,848,212,0.25
3,325,85,0.261538461538
4,801,143,0.178526841448
5,45854,5684,0.123958651372
6,510926,68439,0.133950904828
7,501590,82369,0.164215793776
8,500553,100864,0.20150513532
9,476646,109696,0.230141446692
10,458327,115901,0.252878403411
11,483794,130053,0.268818960136
12,451279,129979,0.28802359516
13,474946,151536,0.319059429914
14,448158,152236,0.339692697665
15,439306,159115,0.362196282318
16,467835,175803,0.375779922409
17,486027,191702,0.394426647079
18,424635,168614,0.397079845043
19,424762,172263,0.405551814899
20,290136,121246,0.417893677448
21,245137,96694,0.394448818416
22,89617,31206,0.348215182387
23,40468,13339,0.329618463972
distance has : 
0,1632913,449583,0.275325752199
1,2234312,659307,0.295082781635
2,1391730,434919,0.312502425039
3,2016333,636577,0.315710252225
carrier has :  20
WN,1156958,316361,0.273442078278
AA,613836,207889,0.338671892818
OO,582871,157298,0.269867603638
MQ,516205,168214,0.325866661501
UA,477090,153161,0.321031671173
US,475583,171870,0.361388022701
DL,468323,122056,0.260623544007
XE,422305,117696,0.278699044529
NW,405872,127790,0.314852958568
CO,319138,92817,0.290836566
YV,282585,78886,0.279158483288
EV,276617,111729,0.403912268588
FL,259869,70551,0.271486787574
9E,250186,60061,0.240065391349
OH,224471,75481,0.33626169973
B6,187116,60337,0.322457726758
AS,157123,49953,0.317922901167
F9,97248,28788,0.296026653504
HA,55935,4315,0.0771431125413
AQ,45957,5133,0.111691363666
us has airports:  304
ATL,811107,258308,0.318463531938
ORD,715723,262065,0.36615422447
DFW,573139,184584,0.322057999892
DEN,473009,142117,0.300453056919
LAX,467991,130130,0.278060902881
PHX,415927,119426,0.287132116934
IAH,394957,99664,0.252341394126
LAS,363235,111112,0.305895632304
DTW,345700,106857,0.30910326873
MSP,303540,93090,0.306681162285
EWR,295225,116984,0.396253704801
SLC,292557,73504,0.251246765588
SFO,271116,88781,0.327464996533
MCO,256823,71261,0.277471254522
CLT,249229,87548,0.351275333127
BOS,247519,78710,0.317995790222
JFK,243656,94943,0.389660012477
LGA,232200,88857,0.382674418605
SEA,215505,70362,0.326498225099
CVG,215375,60352,0.280218224028
BWI,215051,61142,0.284313953434
PHL,202630,77246,0.381216996496
SAN,192077,49592,0.258188122472
MDW,188500,56042,0.297305039788
IAD,175689,53728,0.305813112944
DCA,172508,51646,0.29938321701
MEM,166274,42303,0.254417407412
TPA,157912,41927,0.265508637722
CLE,153441,42311,0.275747681519
OAK,147804,39795,0.269241698466
FLL,137113,41299,0.301204116313
HNL,134304,16431,0.122341851322
RDU,131289,38358,0.292164613943
MCI,127564,35915,0.281544949986
MIA,127498,43932,0.344570110904
STL,126888,36437,0.287158754177
SJC,122058,29535,0.241975126579
BNA,119985,34462,0.287219235738
PDX,116186,29805,0.256528325272
SMF,114960,31713,0.275861169102
HOU,110791,33328,0.300818658555
DAL,105456,30641,0.290557199211
SNA,103910,26724,0.257184101626
AUS,101312,26507,0.261637318383
PIT,96107,30996,0.322515529566
SAT,91137,25081,0.275201070915
IND,85023,23884,0.280912223751
ONT,82244,20298,0.246802198337
ABQ,81502,21620,0.265269563937
CMH,75197,23590,0.31370932351
MSY,73809,19946,0.270238046851
JAX,70836,20458,0.28880795076
BUR,64750,16646,0.257081081081
BDL,63680,18465,0.289965452261
PBI,58638,17391,0.296582420956
TUS,55752,13840,0.248242215526
MKE,55014,17995,0.327098556731
OMA,54932,16542,0.301135949902
RSW,54626,15466,0.283125251712
RNO,53978,14012,0.259587239246
OKC,52374,15303,0.292186962997
BUF,51958,16960,0.32641749105
OGG,50557,6128,0.121209723678
PVD,49404,15073,0.305096753299
TUL,48872,13933,0.285091668031
SJU,46722,14867,0.31820127563
BHM,46166,12628,0.273534635879
SDF,43553,12358,0.283746240213
ELP,43117,11363,0.263538743419
MHT,41745,12010,0.287699125644
ORF,39019,11647,0.298495604705
RIC,38640,12179,0.315191511387
ANC,38575,13247,0.343408943616
BOI,35988,9175,0.254946093142
DSM,34412,10333,0.300273160525
COS,33966,9384,0.276276276276
ROC,33173,11801,0.355741114762
LIT,33107,11080,0.334672425771
GEG,32030,7883,0.246113019045
GRR,31813,9743,0.306258447804
KOA,31759,3825,0.120438300954
LIH,31177,3067,0.0983738011996
FAT,30982,7014,0.226389516493
DAY,30692,7995,0.260491333246
CHS,30255,9224,0.304875227235
ALB,29201,9569,0.327694257046
GSO,28788,9025,0.313498680006
ICT,28329,8447,0.298175015002
LGB,28034,6523,0.232681743597
SBA,27931,5757,0.206115069278
SAV,27665,8190,0.296041930237
TYS,27110,7456,0.275027665068
XNA,26844,8450,0.314781701684
JAN,26529,7428,0.279995476648
PSP,26146,6924,0.264820622657
GSP,25900,7263,0.280424710425
MSN,25820,8148,0.315569326104
SYR,25774,9434,0.366027779933
ISP,24045,5805,0.241422333125
HPN,23854,8060,0.337888823677
SGF,21287,6578,0.309014891718
CID,21210,6142,0.28958038661
CAE,20497,7001,0.341562179831
BTR,20124,6353,0.315692705228
PNS,19929,6068,0.304480907221
LEX,19370,5676,0.293030459473
ITO,19086,1412,0.0739809284292
HSV,19025,5440,0.285939553219
CAK,18175,5156,0.283686382393
MLI,18158,5047,0.277949113338
SHV,17326,5176,0.298741775367
MRY,17113,3880,0.226728218314
MDT,16961,5682,0.335003832321
LBB,16939,5308,0.313359702462
GRB,15945,4707,0.295202257761
PWM,15899,5777,0.363356185924
FNT,15143,4724,0.311959321138
MAF,14962,4305,0.287728913247
AMA,14664,4461,0.304214402619
SRQ,14481,3733,0.257786064498
GPT,14363,4079,0.283993594653
BTV,13864,5099,0.367787074437
SBP,13799,2661,0.192840060874
VPS,13475,4519,0.335361781076
CRP,13223,3694,0.279361718218
MYR,13204,4777,0.361784307786
FSD,13135,3857,0.293642938713
MFR,12572,3328,0.264715240216
EUG,12505,2928,0.234146341463
FWA,12450,3711,0.298072289157
MOB,12003,3758,0.313088394568
ATW,11662,3423,0.293517406963
EVV,11189,3153,0.281794619716
LFT,11083,3163,0.285392041866
ABE,10999,3059,0.278116192381
SWF,10920,3520,0.322344322344
PHF,10881,3026,0.27809943939
BZN,10319,3048,0.295377459056
BFL,10265,2159,0.21032635168
FAR,10263,2917,0.284224885511
PIA,10154,3165,0.31169982273
HRL,9876,2881,0.291717294451
RAP,9797,2401,0.245075022966
SBN,9795,3186,0.325267993874
GRK,9769,2827,0.289384788617
FAI,9710,2897,0.298352214212
GJT,9550,2285,0.239267015707
ASE,9500,2959,0.311473684211
AZO,9492,2647,0.278866413822
MFE,9306,2372,0.254889318719
BIL,9262,2369,0.255776290218
CHA,8738,2772,0.317235065232
LAN,8729,2599,0.297743155001
JNU,8604,3051,0.35460251046
TLH,8324,2339,0.28099471408
LNK,8083,2105,0.260423110231
TVC,7961,2543,0.319432232132
BMI,7951,2422,0.304615771601
RST,7923,2355,0.297235895494
MGM,7920,2511,0.317045454545
BGR,7911,2716,0.343319428644
DRO,7664,1681,0.219337160752
CPR,7600,1542,0.202894736842
ILM,7546,2703,0.358203021468
MSO,7514,1919,0.255389938781
ACV,7466,2650,0.354942405572
AVL,7297,2373,0.325202137865
DAB,7288,1895,0.260016465423
RDM,7254,1506,0.207609594706
SGU,7223,1391,0.192579260695
MBS,7116,2016,0.283305227656
ROA,7032,2325,0.330631399317
YUM,6896,1715,0.248694895592
JAC,6805,2168,0.318589272594
CRW,6748,2327,0.34484291642
PFN,6710,2341,0.348882265276
IDA,6604,1339,0.202755905512
FCA,6504,1431,0.220018450185
EGE,6405,1954,0.305074160812
BIS,6126,1711,0.279301338557
SUN,6068,1013,0.166941331575
MOD,5915,1666,0.281656804734
MLU,5904,1921,0.325372628726
STT,5833,1870,0.320589747986
AEX,5799,1803,0.310915675116
GTF,5704,1319,0.231241234222
AVP,5542,1845,0.332912306027
ABI,5461,1583,0.289873649515
PSC,5385,1209,0.224512534819
CLD,5314,1056,0.19872036131
FSM,5232,1542,0.294724770642
CMI,5222,1821,0.348716966679
HDN,5160,1496,0.28992248062
MTJ,5091,1498,0.29424474563
LRD,4938,1344,0.272174969623
LSE,4746,1433,0.301938474505
KTN,4643,1537,0.331035968124
ACT,4470,1130,0.252796420582
AGS,4435,1852,0.417587373168
LAW,4412,1172,0.265639165911
SPS,4318,1116,0.258452987494
FAY,4278,1799,0.420523609163
DLH,4198,1062,0.252977608385
TWF,4190,606,0.144630071599
MLB,4012,1153,0.287387836491
TOL,3992,1326,0.332164328657
GNV,3687,1625,0.440737727149
PIH,3630,362,0.0997245179063
FLG,3594,668,0.185865331107
EKO,3583,440,0.122802121128
RDD,3547,1118,0.315195940231
HLN,3522,793,0.225156161272
SMX,3467,752,0.21690222094
SJT,3466,966,0.278707443739
CLL,3417,917,0.268364062043
CWA,3340,898,0.268862275449
SPI,3231,1090,0.337356855463
DHN,3191,1142,0.357881541836
BRO,3118,638,0.204618345093
TYR,3075,883,0.287154471545
CSG,2705,1066,0.394085027726
CHO,2698,774,0.286879169755
BQN,2687,784,0.291775213993
OXR,2675,425,0.158878504673
CIC,2662,853,0.320435762585
DBQ,2645,839,0.317202268431
COD,2607,520,0.199462984273
SIT,2600,845,0.325
ERI,2598,741,0.285219399538
IPL,2573,576,0.223863194714
ABY,2565,841,0.327875243665
GUC,2424,632,0.260726072607
LCH,2361,535,0.226598898772
GFK,2358,562,0.238337574215
ELM,2324,580,0.249569707401
TRI,2292,892,0.389179755672
TXK,2270,629,0.277092511013
OAJ,2225,846,0.380224719101
MOT,2113,524,0.247988641742
GGG,2092,604,0.288718929254
EYW,2074,933,0.449855351977
OME,2059,735,0.356969402623
VLD,2055,784,0.381508515815
OTZ,2044,728,0.356164383562
MQT,2041,711,0.348358647722
BET,2025,598,0.295308641975
CEC,1998,898,0.449449449449
PSE,1977,470,0.237733940314
GTR,1955,717,0.366751918159
BQK,1929,674,0.349403836185
MCN,1901,694,0.365071015255
HHH,1888,863,0.457097457627
IYK,1880,309,0.164361702128
BGM,1837,478,0.260206859009
LYH,1683,546,0.324420677362
BTM,1588,293,0.184508816121
TTN,1531,538,0.351404310908
LWS,1408,256,0.181818181818
CDV,1408,455,0.323153409091
YAK,1394,440,0.315638450502
SCC,1394,422,0.302725968436
BRW,1394,514,0.368723098996
ACY,1383,559,0.404193781634
WRG,1379,464,0.336475707034
RFD,1376,306,0.22238372093
PSG,1370,511,0.37299270073
MEI,1306,563,0.431087289433
SCE,1283,317,0.247077162899
FLO,1269,474,0.373522458629
ADQ,1269,383,0.301812450749
EWN,1188,440,0.37037037037
BLI,1162,214,0.184165232358
TUP,1133,338,0.298323036187
APF,1072,410,0.382462686567
PLN,993,165,0.166163141994
SUX,952,206,0.216386554622
STX,943,276,0.292682926829
ILG,858,289,0.33682983683
YKM,815,292,0.358282208589
SLE,789,180,0.228136882129
PMD,761,157,0.206307490145
BPT,703,128,0.182076813656
CMX,579,114,0.19689119171
ACK,557,290,0.520646319569
HTS,545,112,0.205504587156
ALO,536,112,0.208955223881
WYS,528,83,0.157196969697
ROW,468,145,0.309829059829
AKN,441,204,0.462585034014
RHI,404,105,0.259900990099
INL,393,96,0.24427480916
LWB,372,150,0.403225806452
SOP,371,213,0.574123989218
TEX,367,119,0.324250681199
DLG,342,137,0.400584795322
MTH,250,83,0.332
BJI,228,70,0.30701754386
ADK,186,64,0.344086021505
GST,174,91,0.522988505747
EAU,131,17,0.129770992366
ISO,15,3,0.2
PIR,7,6,0.857142857143
GLH,4,0,0.0
MKC,2,1,0.5
